

# Front wall
#POLYGON 4 (1.5,-1.5,-0.5) (1.5,1.5,-0.5) (-1.5,1.5,-0.5) (-1.5,-1.5,-0.5) 
#(1.0,1.0,1.0) 0.0 5 (1,1,1) 1e6 1 0

# Spheres
SPHERE (-0.25,-0.25,0.5) 0.05
(0.074,0.7,1.0) 0.0 5 (1,1,1) 1e6 1 0
SPHERE (0.25,-0.25,0.5) 0.05
(1.0,1.0,1.0) 0.0 5 (1,1,1) 1e6 1 0

SPHERE (-0.3,0.25,-0.3) 0.05
(0.074,0.7,1.0) 0.0 5 (1,1,1) 1e6 1 0
SPHERE (0.3,0.25,-0.3) 0.05
(1.0,1.0,1.0) 0.0 5 (1,1,1) 1e6 1 0

LIGHT (-0.4,0.4,1.0) (0.6,0.6,0.6) 0.1
LIGHT (1.0,0.4,1.0) (0.6,0.6,0.6) 0.1

AMBIENT (0.1,0.1,0.1)

# pos, u, v, r, aperture (f), focal point
CAMERA (0,0,0.5) (0.5,0,0) (0,0.5,0) 1
0.5 1.05 0.0 1.0 4.0
LENSE 8
(-1,1) (-1,-1) (-0.8,-0.8)  (-1,1) (-0.8,-0.8) (-0.8,0.8)
(1,1) (0.8,-0.8) (1,-1)  (1,1) (0.8,0.8) (0.8,-0.8)
(-0.8,0.8) (1,1) (-1,1)  (-0.8,0.8) (0.8,0.8) (1,1)
(-0.8,-0.8) (-1,-1) (1,-1)  (-0.8,-0.8) (1,-1) (0.8,-0.8)

# frame
#LENSE 8
#(-1,1) (-1,-1) (-0.8,-0.8)  (-1,1) (-0.8,-0.8) (-0.8,0.8)
#(1,1) (0.8,-0.8) (1,-1)  (1,1) (0.8,0.8) (0.8,-0.8)
#(-0.8,0.8) (1,1) (-1,1)  (-0.8,0.8) (0.8,0.8) (1,1)
#(-0.8,-0.8) (-1,-1) (1,-1)  (-0.8,-0.8) (1,-1) (0.8,-0.8)

# 6 star
#LENSE 4
#(0,1) (-0.866,-0.5) (0.866,-0.5)
#(-0.866,0.5) (-0.5774,0) (-0.2887,0.5)
#(0,-1) (0.2887,-0.5) (-0.2997,-0.5)
#(0.866,0.5) (0.2887,0.5) (0.5774,0)

# romboid
#LENSE 2
#(-0.5,0) (0.5,0) (0,-1)
#(-0.5,0) (0.5,0) (0,1)

# triangle
#LENSE 1
#(-1,-1) (1,-1) (0,1)
