# Spheres
SPHERE (-0.3,-0.3,0.4) 0.1
(0.074,0.509,0.945) 0.0 5 (1,1,1) 1e6 1 0
SPHERE (-0.2,-0.2,0.3) 0.1
(0.945,0.619,0.074) 0.0 5 (1,1,1) 1e6 1 0
SPHERE (-0.1,-0.1,0.2) 0.1
(0.694,0.074,0.945) 0.0 5 (1,1,1) 1e6 1 0
SPHERE (0.0,0.0,0.1) 0.1
(0.074,0.945,0.313) 0.0 5 (1,1,1) 1e6 1 0
SPHERE (0.1,0.1,0.0) 0.1
(0.945,0.113,0.074) 0.0 5 (1,1,1) 1e6 1 0
SPHERE (0.2,0.2,-0.1) 0.1
(0.074,0.945,0.709) 0.0 5 (1,1,1) 1e6 1 0
SPHERE (0.3,0.3,-0.2) 0.1
(0.945,0.901,0.074) 0.0 5 (1,1,1) 1e6 1 0
SPHERE (0.4,0.4,-0.3) 0.1
(0.945,0.074,0.564) 0.0 5 (1,1,1) 1e6 1 0
SPHERE (0.5,0.5,-0.4) 0.1
(0.388,0.388,0.388) 0.0 5 (1,1,1) 1e6 1 0

LIGHT (-0.4,0.4,1.0) (0.6,0.6,0.6) 0.1
LIGHT (1.0,0.4,1.0) (0.6,0.6,0.6) 0.1

AMBIENT (0.1,0.1,0.1)

# pos, u, v, r, aperture (f), focal point
CAMERA (0,0,0.5) (0.5,0,0) (0,0.5,0) 1
0.1 1.15 0.0 1.0 4.0
LENSE 1
(-1,-1) (1,-1) (0,1)