# Spheres

# row 1
SPHERE (-0.7,0.7,-0.5) 0.1
(1,0.17,0.02) 0.0 5 (1,1,1) 1e6 1 0
SPHERE (-0.46,0.7,-0.5) 0.1
(1,0.5,0) 0.0 5 (1,1,1) 1e6 1 0
SPHERE (-0.23,0.7,-0.5) 0.1
(1,0.78,0) 0.0 5 (1,1,1) 1e6 1 0
SPHERE (0.0,0.7,-0.5) 0.1
(0.35,0.72,0) 0.0 5 (1,1,1) 1e6 1 0
SPHERE (0.23,0.7,-0.5) 0.1
(0,0.81,1) 0.0 5 (1,1,1) 1e6 1 0
SPHERE (0.46,0.7,-0.5) 0.1
(0,0.45,1) 0.0 5 (1,1,1) 1e6 1 0
SPHERE (0.7,0.7,-0.5) 0.1
(0.5,0.25,0.82) 0.0 5 (1,1,1) 1e6 1 0

# row 2
SPHERE (-0.7,0.46,-0.5) 0.1
(0.5,0.25,0.82) 0.0 5 (1,1,1) 1e6 1 0
SPHERE (-0.46,0.46,-0.5) 0.1
(1,0.17,0.02) 0.0 5 (1,1,1) 1e6 1 0
SPHERE (-0.23,0.46,-0.5) 0.1
(1,0.5,0) 0.0 5 (1,1,1) 1e6 1 0
SPHERE (0.0,0.46,-0.5) 0.1
(1,0.78,0) 0.0 5 (1,1,1) 1e6 1 0
SPHERE (0.23,0.46,-0.5) 0.1
(0.35,0.72,0) 0.0 5 (1,1,1) 1e6 1 0
SPHERE (0.46,0.46,-0.5) 0.1
(0,0.81,1) 0.0 5 (1,1,1) 1e6 1 0
SPHERE (0.7,0.46,-0.5) 0.1
(0,0.45,1) 0.0 5 (1,1,1) 1e6 1 0

# row 3
SPHERE (-0.7,0.23,-0.5) 0.1
(0,0.45,1) 0.0 5 (1,1,1) 1e6 1 0
SPHERE (-0.46,0.23,-0.5) 0.1
(0.5,0.25,0.82) 0.0 5 (1,1,1) 1e6 1 0
SPHERE (-0.23,0.23,-0.5) 0.1
(1,0.17,0.02) 0.0 5 (1,1,1) 1e6 1 0
SPHERE (0.0,0.23,-0.5) 0.1
(1,0.5,0) 0.0 5 (1,1,1) 1e6 1 0
SPHERE (0.23,0.23,-0.5) 0.1
(1,0.78,0) 0.0 5 (1,1,1) 1e6 1 0
SPHERE (0.46,0.23,-0.5) 0.1
(0.35,0.72,0) 0.0 5 (1,1,1) 1e6 1 0
SPHERE (0.7,0.23,-0.5) 0.1
(0,0.81,1) 0.0 5 (1,1,1) 1e6 1 0

# row 4
SPHERE (-0.7,0,-0.5) 0.1
(0,0.81,1) 0.0 5 (1,1,1) 1e6 1 0
SPHERE (-0.46,0,-0.5) 0.1
(0,0.45,1) 0.0 5 (1,1,1) 1e6 1 0
SPHERE (-0.23,0,-0.5) 0.1
(0.5,0.25,0.82) 0.0 5 (1,1,1) 1e6 1 0
SPHERE (0.0,0,-0.5) 0.1
(1,0.17,0.02) 0.0 5 (1,1,1) 1e6 1 0
SPHERE (0.23,0,-0.5) 0.1
(1,0.5,0) 0.0 5 (1,1,1) 1e6 1 0
SPHERE (0.46,0,-0.5) 0.1
(1,0.78,0) 0.0 5 (1,1,1) 1e6 1 0
SPHERE (0.7,0,-0.5) 0.1
(0.35,0.72,0) 0.0 5 (1,1,1) 1e6 1 0

# row 5
SPHERE (-0.7,-0.23,-0.5) 0.1
(0.35,0.72,0) 0.0 5 (1,1,1) 1e6 1 0
SPHERE (-0.46,-0.23,-0.5) 0.1
(0,0.81,1) 0.0 5 (1,1,1) 1e6 1 0
SPHERE (-0.23,-0.23,-0.5) 0.1
(0,0.45,1) 0.0 5 (1,1,1) 1e6 1 0
SPHERE (0.0,-0.23,-0.5) 0.1
(0.5,0.25,0.82) 0.0 5 (1,1,1) 1e6 1 0
SPHERE (0.23,-0.23,-0.5) 0.1
(1,0.17,0.02) 0.0 5 (1,1,1) 1e6 1 0
SPHERE (0.46,-0.23,-0.5) 0.1
(1,0.5,0) 0.0 5 (1,1,1) 1e6 1 0
SPHERE (0.7,-0.23,-0.5) 0.1
(1,0.78,0) 0.0 5 (1,1,1) 1e6 1 0

# row 6
SPHERE (-0.7,-0.46,-0.5) 0.1
(1,0.78,0) 0.0 5 (1,1,1) 1e6 1 0
SPHERE (-0.46,-0.46,-0.5) 0.1
(0.35,0.72,0) 0.0 5 (1,1,1) 1e6 1 0
SPHERE (-0.23,-0.46,-0.5) 0.1
(0,0.81,1) 0.0 5 (1,1,1) 1e6 1 0
SPHERE (0.0,-0.46,-0.5) 0.1
(0,0.45,1) 0.0 5 (1,1,1) 1e6 1 0
SPHERE (0.23,-0.46,-0.5) 0.1
(0.5,0.25,0.82) 0.0 5 (1,1,1) 1e6 1 0
SPHERE (0.46,-0.46,-0.5) 0.1
(1,0.17,0.02) 0.0 5 (1,1,1) 1e6 1 0
SPHERE (0.7,-0.46,-0.5) 0.1
(1,0.5,0) 0.0 5 (1,1,1) 1e6 1 0

# row 7
SPHERE (-0.7,-0.7,-0.5) 0.1
(1,0.5,0) 0.0 5 (1,1,1) 1e6 1 0
SPHERE (-0.46,-0.7,-0.5) 0.1
(1,0.78,0) 0.0 5 (1,1,1) 1e6 1 0
SPHERE (-0.23,-0.7,-0.5) 0.1
(0.35,0.72,0) 0.0 5 (1,1,1) 1e6 1 0
SPHERE (0.0,-0.7,-0.5) 0.1
(0,0.81,1) 0.0 5 (1,1,1) 1e6 1 0
SPHERE (0.23,-0.7,-0.5) 0.1
(0,0.45,1) 0.0 5 (1,1,1) 1e6 1 0
SPHERE (0.46,-0.7,-0.5) 0.1
(0.5,0.25,0.82) 0.0 5 (1,1,1) 1e6 1 0
SPHERE (0.7,-0.7,-0.5) 0.1
(1,0.17,0.02) 0.0 5 (1,1,1) 1e6 1 0

LIGHT (-0.4,0.4,1.0) (0.6,0.6,0.6) 0.1
LIGHT (1.0,0.4,1.0) (0.6,0.6,0.6) 0.1

AMBIENT (0.1,0.1,0.1)

# pos, u, v, r, aperture (f), focal point, n, r1, r2
CAMERA (0,0,0.5) (0.5,0,0) (0,0.5,0) 1
0.5 2.0 1.45 1.0 4.0
